7.26
7.25
7.24
7.23
7.22
7.21
7.20
7.19
7.18
7.17
7.16
7.15
7.14
7.13
7.12
7.11
7.10
7.9
7.8
7.7
7.6
7.5
7.4
7.3
7.2
7.1
7.0-rc4
7.0-rc3
7.0-rc2
7.0-rc1
7.0-beta3
7.0-beta2
7.0-beta1
7.0-alpha7
7.0-alpha6
7.0-alpha4
7.0-alpha3
7.0-alpha1
7
6.29
6.28
6.27
6.26
6.25
6.24
6.23
6.22
6.21
6.20
6.19
6.18
6.17
6.16
6.15
6.14
6.13
6.12
6.11
6.10
6.9
6.8
6.7
6.6
6.5
6.4
6.3
6.2
6.1
6.0-rc4
6.0-rc3
6.0-rc2
6.0-rc1
6.0-beta3
6.0-beta2
6.0-beta1
6
5.23
5.22
5.21
5.20
5.19
5.18
5.17
5.16
5.15
5.14
5.13
5.12
5.11
5.10
5.9
5.8
5.7
5.6
5.5
5.4
5.3
5.2
5.1
5